         n       time 
   2000000    4244954 
   2000000     115126 
   2000000        892 
   2000000       1338 
   2000000       1339 
   2000000       1339 
   2000000       1339 
   2000000       1785 
   2000000        893 
   2000000       1338 
   4000000       1785 
   4000000       1339 
   4000000        892 
   4000000        892 
   4000000       1339 
   4000000        446 
   4000000        892 
   4000000        892 
   4000000        893 
   4000000       1338 
   6000000        892 
   6000000        892 
   6000000       1339 
   6000000        893 
   6000000       1785 
   6000000        893 
   6000000       2231 
   6000000        892 
   6000000        892 
   6000000       1339 
   8000000       1338 
   8000000        893 
   8000000        446 
   8000000       1785 
   8000000        892 
   8000000        893 
   8000000        446 
   8000000        892 
   8000000       1338 
   8000000        892 
  10000000        892 
  10000000        893 
  10000000        893 
  10000000        893 
  10000000        892 
  10000000        893 
  10000000        892 
  10000000        893 
  10000000        893 
  10000000       1338 
  12000000        446 
  12000000        892 
  12000000       1339 
  12000000        893 
  12000000        446 
  12000000        893 
  12000000        893 
  12000000       2231 
  12000000        892 
  12000000       1338 
  14000000        893 
  14000000        893 
  14000000        446 
  14000000       1339 
  14000000        892 
  14000000        893 
  14000000        892 
  14000000        446 
  14000000        892 
  14000000       1785 
  16000000        893 
  16000000        893 
  16000000       1785 
  16000000        892 
  16000000       1338 
  16000000       1785 
  16000000       1339 
  16000000        892 
  16000000       2231 
  16000000       1339 
  18000000       1339 
  18000000        893 
  18000000        893 
  18000000       1338 
  18000000        893 
  18000000        892 
  18000000       1339 
  18000000       1339 
  18000000        893 
  18000000        892 
  20000000        893 
  20000000        892 
  20000000        892 
  20000000       1785 
  20000000       1339 
  20000000        446 
  20000000        893 
  20000000        892 
  20000000        892 
  20000000        892 
