         n       time 
   2000000    3899574 
   2000000     101294 
   2000000      63810 
   2000000       1339 
   2000000        893 
   2000000        893 
   2000000       2231 
   2000000        893 
   2000000       1338 
   2000000       2231 
   4000000        893 
   4000000       1339 
   4000000        892 
   4000000        892 
   4000000       1339 
   4000000       1339 
   4000000        892 
   4000000       1785 
   4000000        893 
   4000000        892 
   6000000        892 
   6000000        893 
   6000000        893 
   6000000        892 
   6000000        893 
   6000000        892 
   6000000       1338 
   6000000        892 
   6000000        893 
   6000000        892 
   8000000       1338 
   8000000       1784 
   8000000       1338 
   8000000       1339 
   8000000        892 
   8000000       1338 
   8000000       1339 
   8000000       1785 
   8000000       1339 
   8000000        892 
  10000000       1785 
  10000000        446 
  10000000        446 
  10000000        892 
  10000000       1338 
  10000000        893 
  10000000        893 
  10000000        447 
  10000000        892 
  10000000        892 
  12000000       1339 
  12000000       1339 
  12000000        446 
  12000000        892 
  12000000       1339 
  12000000        893 
  12000000        892 
  12000000        892 
  12000000       1339 
  12000000       1339 
  14000000       1339 
  14000000        892 
  14000000        892 
  14000000        892 
  14000000       1339 
  14000000        892 
  14000000        446 
  14000000        892 
  14000000       1338 
  14000000       1339 
  16000000        892 
  16000000        893 
  16000000       1339 
  16000000       1784 
  16000000       1339 
  16000000       1785 
  16000000       1339 
  16000000       1339 
  16000000       1338 
  16000000       1338 
  18000000       1338 
  18000000        893 
  18000000        893 
  18000000        892 
  18000000        893 
  18000000        892 
  18000000        446 
  18000000        893 
  18000000        893 
  18000000       1785 
  20000000       1339 
  20000000        892 
  20000000       1785 
  20000000        892 
  20000000        893 
  20000000        893 
  20000000       1339 
  20000000       1339 
  20000000       1338 
  20000000       1338 
